Sand[w%] Clay[w%] Silt[w%] OC[w%] b[-] Psi_s[m] theta_s[m3/m3] wp[m3.m-3] K_s[ms-1] ATAU5 BTAU5 WP_SRF PORO_SRF ATAU_2cm BTAU_2cm
 43.333 53.333  3.333  0.258  4.9400 -0.2780  0.4667  0.1301  0.21009E-04   0.0205568   0.1628510  0.1301  0.4667   0.0126427   0.1464428
 36.667 56.667  6.667  0.258  5.4062 -0.3970  0.4969  0.1652  0.14197E-04   0.0258898   0.1793359  0.1652  0.4969   0.0160407   0.1642703
 33.333 53.333 13.333  0.258  6.2117 -0.3664  0.4992  0.1890  0.98520E-05   0.0334982   0.1465143  0.1890  0.4992   0.0191654   0.1310528
 26.667 56.667 16.667  0.258  6.0097 -0.5393  0.5246  0.2050  0.88411E-05   0.0340634   0.1740369  0.2050  0.5246   0.0205657   0.1596444
 23.333 53.333 23.333  0.258  6.3306 -0.4990  0.5214  0.2111  0.73367E-05   0.0382987   0.1526444  0.2111  0.5214   0.0220339   0.1376674
 16.667 56.667 26.667  0.258  5.9115 -0.7382  0.5463  0.2216  0.68430E-05   0.0375027   0.1844666  0.2216  0.5463   0.0229361   0.1703727
 13.333 53.333 33.333  0.258  6.0823 -0.6737  0.5406  0.2216  0.58087E-05   0.0408155   0.1628013  0.2216  0.5406   0.0239381   0.1483000
  6.667 56.667 36.667  0.258  5.5423 -0.9984  0.5655  0.2281  0.54459E-05   0.0396354   0.1976232  0.2281  0.5655   0.0246895   0.1834856
  3.333 53.333 43.333  0.258  5.6618 -0.8953  0.5581  0.2251  0.45596E-05   0.0429756   0.1721480  0.2251  0.5581   0.0256397   0.1576832
 53.333 43.333  3.333  0.258  5.0224 -0.1525  0.4237  0.1070  0.20921E-04   0.0206992   0.1054199  0.1070  0.4237   0.0110499   0.0866213
 46.667 46.667  6.667  0.258  5.8096 -0.1940  0.4497  0.1427  0.14067E-04   0.0275630   0.1145174  0.1427  0.4497   0.0146815   0.0965653
 43.333 43.333 13.333  0.258  6.4236 -0.1983  0.4535  0.1611  0.95996E-05   0.0352800   0.1038926  0.1611  0.4535   0.0174877   0.0849242
 36.667 46.667 16.667  0.258  6.5953 -0.2593  0.4750  0.1805  0.86122E-05   0.0374671   0.1151423  0.1805  0.4750   0.0193357   0.0976152
 33.333 43.333 23.333  0.258  6.6794 -0.2666  0.4730  0.1827  0.70088E-05   0.0406069   0.1089211  0.1827  0.4730   0.0202548   0.0906248
 26.667 46.667 26.667  0.258  6.6552 -0.3492  0.4942  0.1982  0.65632E-05   0.0415431   0.1211516  0.1982  0.4942   0.0217230   0.1043462
 23.333 43.333 33.333  0.258  6.5729 -0.3556  0.4895  0.1946  0.54511E-05   0.0433666   0.1148427  0.1946  0.4895   0.0220540   0.0972408
 16.667 46.667 36.667  0.258  6.4347 -0.4649  0.5111  0.2076  0.51508E-05   0.0440048   0.1279263  0.2076  0.5111   0.0234751   0.1114895
 13.333 43.333 43.333  0.258  6.2961 -0.4671  0.5045  0.2011  0.42112E-05   0.0458122   0.1198354  0.2011  0.5045   0.0236855   0.1025738
  6.667 46.667 46.667  0.258  6.0743 -0.6085  0.5266  0.2120  0.39685E-05   0.0465172   0.1330576  0.2120  0.5266   0.0251855   0.1169270
  3.333 43.333 53.333  0.258  5.9279 -0.6026  0.5184  0.2037  0.31502E-05   0.0489829   0.1224044  0.2037  0.5184   0.0255073   0.1051128
 63.333 33.333  3.333  0.258  4.4481 -0.1115  0.3920  0.0773  0.21259E-04   0.0191765   0.0792744  0.0773  0.3920   0.0090940   0.0583158
 56.667 36.667  6.667  0.258  5.4075 -0.1295  0.4129  0.1116  0.13991E-04   0.0266044   0.0870805  0.1116  0.4129   0.0125946   0.0661236
 53.333 33.333 13.333  0.258  5.7712 -0.1444  0.4181  0.1250  0.94071E-05   0.0323999   0.0855952  0.1250  0.4181   0.0147395   0.0637113
 46.667 36.667 16.667  0.258  6.2295 -0.1719  0.4348  0.1462  0.83109E-05   0.0358699   0.0923336  0.1462  0.4348   0.0167128   0.0714159
 43.333 33.333 23.333  0.258  6.0877 -0.1937  0.4340  0.1451  0.66448E-05   0.0367104   0.0918436  0.1451  0.4340   0.0169583   0.0705999
 36.667 36.667 26.667  0.258  6.3865 -0.2304  0.4508  0.1630  0.61623E-05   0.0395289   0.0980686  0.1630  0.4508   0.0187249   0.0778867
 33.333 33.333 33.333  0.258  6.0815 -0.2585  0.4472  0.1565  0.50155E-05   0.0389385   0.0974202  0.1565  0.4472   0.0183677   0.0769072
 26.667 36.667 36.667  0.258  6.2857 -0.3056  0.4646  0.1728  0.47182E-05   0.0418251   0.1031512  0.1728  0.4646   0.0201936   0.0835827
 23.333 33.333 43.333  0.258  5.9221 -0.3402  0.4589  0.1636  0.37718E-05   0.0410372   0.1015529  0.1636  0.4589   0.0196483   0.0814470
 16.667 36.667 46.667  0.258  6.0565 -0.3991  0.4772  0.1787  0.35560E-05   0.0443476   0.1066376  0.1787  0.4772   0.0216692   0.0874286
 13.333 33.333 53.333  0.258  5.6805 -0.4406  0.4698  0.1677  0.27548E-05   0.0439752   0.1036293  0.1677  0.4698   0.0211414   0.0835777
  6.667 36.667 56.667  0.258  5.7569 -0.5122  0.4889  0.1817  0.25869E-05   0.0479210   0.1078757  0.1817  0.4889   0.0234282   0.0884635
  3.333 33.333 63.333  0.258  5.3927 -0.5605  0.4800  0.1696  0.19300E-05   0.0484127   0.1032083  0.1696  0.4800   0.0230555   0.0826626
 73.333 23.333  3.333  0.258  3.4528 -0.1022  0.3744  0.0451  0.22840E-04   0.0164356   0.0638392  0.0451  0.3744   0.0070972   0.0417132
 66.667 26.667  6.667  0.258  4.4073 -0.1107  0.3887  0.0753  0.14465E-04   0.0232787   0.0716961  0.0753  0.3887   0.0101850   0.0489906
 63.333 23.333 13.333  0.258  4.5541 -0.1324  0.3956  0.0841  0.95901E-05   0.0271686   0.0737344  0.0841  0.3956   0.0117759   0.0505057
 56.667 26.667 16.667  0.258  5.1544 -0.1471  0.4063  0.1056  0.82079E-05   0.0304472   0.0800364  0.1056  0.4063   0.0134894   0.0572336
 53.333 23.333 23.333  0.258  4.8747 -0.1788  0.4069  0.1018  0.64538E-05   0.0298388   0.0817880  0.1018  0.4069   0.0133592   0.0592320
 46.667 26.667 26.667  0.258  5.3580 -0.1983  0.4181  0.1209  0.58360E-05   0.0327246   0.0872147  0.1209  0.4181   0.0149045   0.0651731
 43.333 23.333 33.333  0.258  4.9350 -0.2414  0.4156  0.1124  0.46596E-05   0.0308640   0.0887586  0.1124  0.4156   0.0142349   0.0670195
 36.667 26.667 36.667  0.258  5.3435 -0.2656  0.4279  0.1303  0.43009E-05   0.0340386   0.0931418  0.1303  0.4279   0.0158728   0.0718537
 33.333 23.333 43.333  0.258  4.8657 -0.3231  0.4232  0.1193  0.33652E-05   0.0319189   0.0942277  0.1193  0.4232   0.0150145   0.0729977
 26.667 26.667 46.667  0.258  5.2165 -0.3515  0.4367  0.1363  0.31315E-05   0.0356568   0.0973371  0.1363  0.4367   0.0168529   0.0764005
 23.333 23.333 53.333  0.258  4.7237 -0.4270  0.4301  0.1238  0.23695E-05   0.0336563   0.0975237  0.1238  0.4301   0.0159366   0.0763910
 16.667 26.667 56.667  0.258  5.0266 -0.4581  0.4449  0.1400  0.22088E-05   0.0382351   0.0992272  0.1400  0.4449   0.0180776   0.0782114
 13.333 23.333 63.333  0.258  4.5394 -0.5560  0.4367  0.1267  0.16067E-05   0.0365819   0.0983342  0.1267  0.4367   0.0171833   0.0767967
  6.667 26.667 66.667  0.258  4.8006 -0.5873  0.4527  0.1421  0.14941E-05   0.0423185   0.0986379  0.1421  0.4527   0.0197247   0.0769755
  3.333 23.333 73.333  0.258  4.3306 -0.7120  0.4432  0.1282  0.10418E-05   0.0412882   0.0966629  0.1282  0.4432   0.0189397   0.0740702
 83.333 13.333  3.333  0.258  2.3786 -0.1138  0.3741  0.0181  0.26718E-04   0.0132952   0.0528586  0.0181  0.3741   0.0053246   0.0304490
 76.667 16.667  6.667  0.258  3.1689 -0.1151  0.3803  0.0393  0.16060E-04   0.0192900   0.0600897  0.0393  0.3803   0.0079310   0.0369179
 73.333 13.333 13.333  0.258  3.1864 -0.1454  0.3890  0.0438  0.10490E-04   0.0221607   0.0631043  0.0438  0.3890   0.0092157   0.0398501
 66.667 16.667 16.667  0.258  3.7666 -0.1528  0.3922  0.0626  0.85712E-05   0.0247269   0.0695103  0.0626  0.3922   0.0105824   0.0463241
 63.333 13.333 23.333  0.258  3.4606 -0.1969  0.3944  0.0576  0.66263E-05   0.0237947   0.0719463  0.0576  0.3944   0.0104040   0.0493522
 56.667 16.667 26.667  0.258  3.9731 -0.2079  0.3986  0.0757  0.57553E-05   0.0257797   0.0781313  0.0757  0.3986   0.0115321   0.0557047
 53.333 13.333 33.333  0.258  3.5507 -0.2698  0.3975  0.0667  0.45087E-05   0.0238849   0.0806440  0.0667  0.3975   0.0109181   0.0588611
 46.667 16.667 36.667  0.258  4.0147 -0.2837  0.4033  0.0842  0.40221E-05   0.0260073   0.0860695  0.0842  0.4033   0.0120580   0.0644222
 43.333 13.333 43.333  0.258  3.5437 -0.3706  0.3998  0.0731  0.30816E-05   0.0239143   0.0886104  0.0731  0.3998   0.0112875   0.0674010
 36.667 16.667 46.667  0.258  3.9659 -0.3854  0.4073  0.0901  0.27889E-05   0.0264709   0.0925629  0.0901  0.4073   0.0125528   0.0713312
 33.333 13.333 53.333  0.258  3.4781 -0.5071  0.4018  0.0778  0.20623E-05   0.0244187   0.0947900  0.0778  0.4018   0.0117212   0.0738379
 26.667 16.667 56.667  0.258  3.8626 -0.5190  0.4110  0.0943  0.18813E-05   0.0276104   0.0967996  0.0943  0.4110   0.0131910   0.0756459
 23.333 13.333 63.333  0.258  3.3754 -0.6884  0.4037  0.0814  0.13349E-05   0.0256676   0.0983419  0.0814  0.4037   0.0123301   0.0771624
 16.667 16.667 66.667  0.258  3.7256 -0.6905  0.4146  0.0973  0.12223E-05   0.0297533   0.0982875  0.0973  0.4146   0.0140955   0.0766836
 13.333 13.333 73.333  0.258  3.2489 -0.9237  0.4058  0.0842  0.82997E-06   0.0279973   0.0989624  0.0842  0.4058   0.0132362   0.0770194
  6.667 16.667 76.667  0.258  3.5681 -0.9054  0.4183  0.0993  0.76042E-06   0.0333442   0.0970841  0.0993  0.4183   0.0154087   0.0743717
  3.333 13.333 83.333  0.258  3.1078 -1.2213  0.4081  0.0862  0.49352E-06   0.0318506   0.0968569  0.0862  0.4081   0.0145697   0.0734074
 93.333  3.333  3.333  0.258  1.5152 -0.1620  0.3985  0.0043  0.34424E-04   0.0105368   0.0432091  0.0043  0.3985   0.0040998   0.0244956
 86.667  6.667  6.667  0.258  2.0638 -0.1463  0.3919  0.0135  0.19555E-04   0.0154070   0.0513390  0.0135  0.3919   0.0060753   0.0288144
 83.333  3.333 13.333  0.258  2.0371 -0.1934  0.4056  0.0153  0.12535E-04   0.0183750   0.0546698  0.0153  0.4056   0.0074254   0.0324335
 76.667  6.667 16.667  0.258  2.4762 -0.1877  0.3966  0.0265  0.97029E-05   0.0202069   0.0597527  0.0265  0.3966   0.0083553   0.0371711
 73.333  3.333 23.333  0.258  2.2247 -0.2528  0.4036  0.0227  0.73579E-05   0.0201330   0.0623088  0.0227  0.4036   0.0085449   0.0404465
 66.667  6.667 26.667  0.258  2.6386 -0.2530  0.3963  0.0350  0.60754E-05   0.0209574   0.0682627  0.0350  0.3963   0.0091452   0.0463189
 63.333  3.333 33.333  0.258  2.2989 -0.3442  0.3997  0.0282  0.46641E-05   0.0200781   0.0710907  0.0282  0.3997   0.0089767   0.0498504
 56.667  6.667 36.667  0.258  2.6944 -0.3491  0.3946  0.0413  0.39726E-05   0.0206598   0.0775275  0.0413  0.3946   0.0094713   0.0563027
 53.333  3.333 43.333  0.258  2.3134 -0.4809  0.3953  0.0327  0.29788E-05   0.0196109   0.0808730  0.0327  0.3953   0.0091754   0.0601933
 46.667  6.667 46.667  0.258  2.6895 -0.4881  0.3926  0.0463  0.25869E-05   0.0203522   0.0868488  0.0463  0.3926   0.0096846   0.0661230
 43.333  3.333 53.333  0.258  2.2907 -0.6827  0.3911  0.0368  0.18693E-05   0.0193405   0.0905236  0.0368  0.3911   0.0093454   0.0700976
 36.667  6.667 56.667  0.258  2.6458 -0.6860  0.3906  0.0506  0.16455E-05   0.0204220   0.0948439  0.0506  0.3906   0.0099309   0.0742467
 33.333  3.333 63.333  0.258  2.2430 -0.9768  0.3872  0.0407  0.11391E-05   0.0194960   0.0984180  0.0407  0.3872   0.0095731   0.0778939
 26.667  6.667 66.667  0.258  2.5756 -0.9632  0.3890  0.0544  0.10125E-05   0.0211133   0.1001752  0.0544  0.3890   0.0103146   0.0793545
 23.333  3.333 73.333  0.258  2.1774 -1.3983  0.3839  0.0444  0.66957E-06   0.0202818   0.1031616  0.0444  0.3839   0.0099443   0.0821148
 16.667  6.667 76.667  0.258  2.4873 -1.3439  0.3877  0.0578  0.59923E-06   0.0225901   0.1021892  0.0578  0.3877   0.0108970   0.0805829
 13.333  3.333 83.333  0.258  2.0991 -1.9899  0.3812  0.0482  0.37816E-06   0.0218969   0.1041540  0.0482  0.3812   0.0105299   0.0819693
  6.667  6.667 86.667  0.258  2.3867 -1.8539  0.3870  0.0609  0.33987E-06   0.0252257   0.1008475  0.0609  0.3870   0.0118009   0.0778080
  3.333  3.333 93.333  0.258  2.0118 -2.7985  0.3791  0.0519  0.20465E-06   0.0246953   0.1017793  0.0519  0.3791   0.0114339   0.0777961
 43.333 53.333  3.333  0.463  5.1607 -0.2689  0.4659  0.1363  0.21175E-04   0.0209482   0.1622308  0.1363  0.4659   0.0128272   0.1460362
 36.667 56.667  6.667  0.463  5.6703 -0.3785  0.4953  0.1719  0.14263E-04   0.0265321   0.1752376  0.1719  0.4953   0.0162843   0.1601894
 33.333 53.333 13.333  0.463  6.4853 -0.3529  0.4990  0.1956  0.10015E-04   0.0345217   0.1438486  0.1956  0.4990   0.0195594   0.1285024
 26.667 56.667 16.667  0.463  6.2983 -0.5122  0.5237  0.2119  0.89597E-05   0.0351810   0.1685859  0.2119  0.5237   0.0209852   0.1544149
 23.333 53.333 23.333  0.463  6.6034 -0.4786  0.5218  0.2179  0.75191E-05   0.0395910   0.1492211  0.2179  0.5218   0.0225446   0.1344312
 16.667 56.667 26.667  0.463  6.1879 -0.6985  0.5459  0.2285  0.69925E-05   0.0387302   0.1786950  0.2285  0.5459   0.0234213   0.1647391
 13.333 53.333 33.333  0.463  6.3353 -0.6437  0.5415  0.2283  0.59999E-05   0.0421419   0.1593293  0.2283  0.5415   0.0244939   0.1448791
  6.667 56.667 36.667  0.463  5.7908 -0.9414  0.5658  0.2349  0.56092E-05   0.0408845   0.1917694  0.2349  0.5658   0.0252259   0.1777630
  3.333 53.333 43.333  0.463  5.8848 -0.8520  0.5597  0.2317  0.47449E-05   0.0443263   0.1687713  0.2317  0.5597   0.0262505   0.1544444
 53.333 43.333  3.333  0.463  5.1941 -0.1513  0.4253  0.1122  0.21476E-04   0.0209701   0.1078759  0.1122  0.4253   0.0112593   0.0891674
 46.667 46.667  6.667  0.463  6.0259 -0.1910  0.4508  0.1486  0.14393E-04   0.0280995   0.1155072  0.1486  0.4508   0.0149600   0.0977630
 43.333 43.333 13.333  0.463  6.6429 -0.1958  0.4557  0.1672  0.99339E-05   0.0360785   0.1047027  0.1672  0.4557   0.0178825   0.0858798
 36.667 46.667 16.667  0.463  6.8389 -0.2540  0.4767  0.1870  0.88832E-05   0.0385327   0.1148820  0.1870  0.4767   0.0197966   0.0975150
 33.333 43.333 23.333  0.463  6.9061 -0.2618  0.4758  0.1892  0.73089E-05   0.0417771   0.1090941  0.1892  0.4758   0.0207910   0.0909476
 26.667 46.667 26.667  0.463  6.8971 -0.3404  0.4965  0.2048  0.68220E-05   0.0428813   0.1204212  0.2048  0.4965   0.0223019   0.1037349
 23.333 43.333 33.333  0.463  6.7927 -0.3473  0.4930  0.2012  0.57264E-05   0.0447835   0.1147166  0.2012  0.4930   0.0227107   0.0972449
 16.667 46.667 36.667  0.463  6.6620 -0.4509  0.5139  0.2143  0.53932E-05   0.0454467   0.1270153  0.2143  0.5139   0.0241228   0.1106903
 13.333 43.333 43.333  0.463  6.5004 -0.4536  0.5086  0.2077  0.44549E-05   0.0473808   0.1195714  0.2077  0.5086   0.0244328   0.1024397
  6.667 46.667 46.667  0.463  6.2787 -0.5873  0.5300  0.2185  0.41843E-05   0.0480373   0.1321888  0.2185  0.5300   0.0259018   0.1161607
  3.333 43.333 53.333  0.463  6.1105 -0.5818  0.5231  0.2102  0.33546E-05   0.0506964   0.1221335  0.2102  0.5231   0.0263451   0.1049554
 63.333 33.333  3.333  0.463  4.5680 -0.1119  0.3957  0.0814  0.22188E-04   0.0193727   0.0817820  0.0814  0.3957   0.0093261   0.0610537
 56.667 36.667  6.667  0.463  5.5645 -0.1294  0.4161  0.1167  0.14566E-04   0.0269202   0.0891474  0.1167  0.4161   0.0128697   0.0684652
 53.333 33.333 13.333  0.463  5.9283 -0.1439  0.4224  0.1304  0.98974E-05   0.0329761   0.0873148  0.1304  0.4224   0.0151309   0.0656867
 46.667 36.667 16.667  0.463  6.4119 -0.1707  0.4388  0.1520  0.87205E-05   0.0366670   0.0937148  0.1520  0.4388   0.0171710   0.0730370
 43.333 33.333 23.333  0.463  6.2554 -0.1918  0.4391  0.1509  0.70451E-05   0.0376869   0.0931884  0.1509  0.4391   0.0175108   0.0722050
 36.667 36.667 26.667  0.463  6.5748 -0.2272  0.4554  0.1691  0.65150E-05   0.0406767   0.0989790  0.1691  0.4554   0.0193221   0.0790445
 33.333 33.333 33.333  0.463  6.2509 -0.2539  0.4529  0.1626  0.53568E-05   0.0402313   0.0984055  0.1626  0.4529   0.0190499   0.0781576
 26.667 36.667 36.667  0.463  6.4713 -0.2993  0.4698  0.1792  0.50240E-05   0.0432412   0.1037973  0.1792  0.4698   0.0209091   0.0844752
 23.333 33.333 43.333  0.463  6.0880 -0.3314  0.4653  0.1699  0.40567E-05   0.0426525   0.1022620  0.1699  0.4653   0.0204713   0.0823595
 16.667 36.667 46.667  0.463  6.2336 -0.3881  0.4830  0.1852  0.38123E-05   0.0460118   0.1070998  0.1852  0.4830   0.0225020   0.0880539
 13.333 33.333 53.333  0.463  5.8390 -0.4255  0.4768  0.1740  0.29824E-05   0.0459142   0.1040292  0.1740  0.4768   0.0221043   0.0841684
  6.667 36.667 56.667  0.463  5.9210 -0.4942  0.4954  0.1880  0.27912E-05   0.0499132   0.1081109  0.1880  0.4954   0.0244111   0.0888348
  3.333 33.333 63.333  0.463  5.5403 -0.5364  0.4877  0.1758  0.21026E-05   0.0507950   0.1033373  0.1758  0.4877   0.0242016   0.0829267
 73.333 23.333  3.333  0.463  3.5376 -0.1029  0.3797  0.0482  0.24151E-04   0.0166625   0.0657801  0.0482  0.3797   0.0073384   0.0439836
 66.667 26.667  6.667  0.463  4.5158 -0.1110  0.3938  0.0795  0.15279E-04   0.0236201   0.0736106  0.0795  0.3938   0.0104928   0.0512353
 63.333 23.333 13.333  0.463  4.6643 -0.1321  0.4017  0.0885  0.10227E-04   0.0277563   0.0754541  0.0885  0.4017   0.0121933   0.0525669
 56.667 26.667 16.667  0.463  5.2815 -0.1465  0.4121  0.1105  0.87411E-05   0.0311221   0.0817767  0.1105  0.4121   0.0139442   0.0593218
 53.333 23.333 23.333  0.463  4.9923 -0.1768  0.4138  0.1068  0.69388E-05   0.0307827   0.0832973  0.1068  0.4138   0.0139243   0.0610638
 46.667 26.667 26.667  0.463  5.4915 -0.1957  0.4247  0.1262  0.62641E-05   0.0337811   0.0886124  0.1262  0.4247   0.0155132   0.0669339
 43.333 23.333 33.333  0.463  5.0549 -0.2361  0.4232  0.1176  0.50491E-05   0.0321459   0.0899820  0.1176  0.4232   0.0149339   0.0684990
 36.667 26.667 36.667  0.463  5.4787 -0.2595  0.4352  0.1358  0.46511E-05   0.0354365   0.0942647  0.1358  0.4352   0.0166203   0.0731987
 33.333 23.333 43.333  0.463  4.9858 -0.3123  0.4315  0.1246  0.36739E-05   0.0335478   0.0950375  0.1246  0.4315   0.0158522   0.0739876
 26.667 26.667 46.667  0.463  5.3509 -0.3396  0.4446  0.1419  0.34107E-05   0.0373977   0.0980463  0.1419  0.4446   0.0177379   0.0772923
 23.333 23.333 53.333  0.463  4.8427 -0.4075  0.4392  0.1291  0.26054E-05   0.0357172   0.0978326  0.1291  0.4392   0.0169456   0.0768225
 16.667 26.667 56.667  0.463  5.1581 -0.4377  0.4535  0.1457  0.24220E-05   0.0403996   0.0995011  0.1457  0.4535   0.0191315   0.0786203
 13.333 23.333 63.333  0.463  4.6561 -0.5235  0.4465  0.1319  0.17785E-05   0.0391662   0.0981314  0.1319  0.4465   0.0183880   0.0766565
  6.667 26.667 66.667  0.463  4.9275 -0.5543  0.4620  0.1477  0.16488E-05   0.0450600   0.0984962  0.1477  0.4620   0.0209943   0.0768984
  3.333 23.333 73.333  0.463  4.4440 -0.6610  0.4535  0.1332  0.11606E-05   0.0445309   0.0960375  0.1332  0.4535   0.0203717   0.0734098
 83.333 13.333  3.333  0.463  2.4488 -0.1150  0.3806  0.0202  0.28480E-04   0.0135432   0.0545150  0.0202  0.3806   0.0055472   0.0325723
 76.667 16.667  6.667  0.463  3.2528 -0.1157  0.3867  0.0424  0.17136E-04   0.0196436   0.0617814  0.0424  0.3867   0.0082310   0.0390211
 73.333 13.333 13.333  0.463  3.2749 -0.1454  0.3964  0.0473  0.11284E-04   0.0227166   0.0648546  0.0473  0.3964   0.0096205   0.0420194
 66.667 16.667 16.667  0.463  3.8621 -0.1520  0.3994  0.0667  0.92264E-05   0.0254080   0.0711980  0.0667  0.3994   0.0110388   0.0483707
 63.333 13.333 23.333  0.463  3.5518 -0.1943  0.4026  0.0616  0.71924E-05   0.0246937   0.0735735  0.0616  0.4026   0.0109480   0.0512853
 56.667 16.667 26.667  0.463  4.0706 -0.2043  0.4067  0.0800  0.62486E-05   0.0268293   0.0795778  0.0800  0.4067   0.0121347   0.0574677
 53.333 13.333 33.333  0.463  3.6401 -0.2624  0.4066  0.0707  0.49370E-05   0.0251394   0.0818670  0.0707  0.4066   0.0115955   0.0602604
 46.667 16.667 36.667  0.463  4.1114 -0.2750  0.4122  0.0886  0.44033E-05   0.0273964   0.0870917  0.0886  0.4122   0.0127921   0.0656195
 43.333 13.333 43.333  0.463  3.6302 -0.3545  0.4097  0.0770  0.34030E-05   0.0255141   0.0891009  0.0770  0.4097   0.0120938   0.0680168
 36.667 16.667 46.667  0.463  4.0609 -0.3679  0.4170  0.0944  0.30776E-05   0.0282273   0.0929466  0.0944  0.4170   0.0134273   0.0718406
 33.333 13.333 53.333  0.463  3.5618 -0.4762  0.4124  0.0816  0.22961E-05   0.0263865   0.0944492  0.0816  0.4124   0.0126628   0.0735094
 26.667 16.667 56.667  0.463  3.9558 -0.4872  0.4214  0.0985  0.20921E-05   0.0297774   0.0964656  0.0985  0.4214   0.0142196   0.0753359
 23.333 13.333 63.333  0.463  3.4565 -0.6339  0.4152  0.0849  0.14979E-05   0.0281411   0.0971496  0.0849  0.4152   0.0134587   0.0758693
 16.667 16.667 66.667  0.463  3.8172 -0.6369  0.4258  0.1013  0.13692E-05   0.0324840   0.0972398  0.1013  0.4258   0.0153285   0.0755835
 13.333 13.333 73.333  0.463  3.3282 -0.8331  0.4180  0.0873  0.93830E-06   0.0311048   0.0969988  0.0873  0.4180   0.0145831   0.0748803
  6.667 16.667 76.667  0.463  3.6583 -0.8197  0.4302  0.1030  0.85767E-06   0.0368457   0.0954963  0.1030  0.4302   0.0169030   0.0726127
  3.333 13.333 83.333  0.463  3.1858 -1.0782  0.4210  0.0889  0.56188E-06   0.0358836   0.0944334  0.0889  0.4210   0.0162184   0.0707122
 93.333  3.333  3.333  0.463  1.5786 -0.1649  0.4056  0.0053  0.36768E-04   0.0107121   0.0467924  0.0053  0.4056   0.0042862   0.0270602
 86.667  6.667  6.667  0.463  2.1387 -0.1480  0.3992  0.0155  0.20953E-04   0.0156974   0.0532011  0.0155  0.3992   0.0063422   0.0312121
 83.333  3.333 13.333  0.463  2.1170 -0.1947  0.4137  0.0177  0.13520E-04   0.0187641   0.0568704  0.0177  0.4137   0.0077886   0.0351807
 76.667  6.667 16.667  0.463  2.5599 -0.1875  0.4049  0.0295  0.10497E-04   0.0207853   0.0617345  0.0295  0.4049   0.0087834   0.0395974
 73.333  3.333 23.333  0.463  2.3058 -0.2507  0.4127  0.0256  0.80154E-05   0.0208419   0.0644361  0.0256  0.4127   0.0090412   0.0429973
 66.667  6.667 26.667  0.463  2.7213 -0.2488  0.4055  0.0383  0.66362E-05   0.0218746   0.0700148  0.0383  0.4055   0.0097018   0.0483925
 63.333  3.333 33.333  0.463  2.3760 -0.3349  0.4097  0.0311  0.51315E-05   0.0211463   0.0726616  0.0311  0.4097   0.0095883   0.0517070
 56.667  6.667 36.667  0.463  2.7728 -0.3371  0.4047  0.0446  0.43806E-05   0.0219269   0.0786440  0.0446  0.4047   0.0101461   0.0575947
 53.333  3.333 43.333  0.463  2.3845 -0.4577  0.4063  0.0355  0.33096E-05   0.0210609   0.0814096  0.0355  0.4063   0.0099094   0.0608431
 46.667  6.667 46.667  0.463  2.7624 -0.4613  0.4035  0.0494  0.28793E-05   0.0219641   0.0868829  0.0494  0.4035   0.0104762   0.0661914
 43.333  3.333 53.333  0.463  2.3553 -0.6337  0.4030  0.0392  0.20972E-05   0.0211665   0.0896194  0.0392  0.4030   0.0102058   0.0691481
 36.667  6.667 56.667  0.463  2.7131 -0.6334  0.4024  0.0533  0.18481E-05   0.0224258   0.0935627  0.0533  0.4024   0.0108623   0.0729322
 33.333  3.333 63.333  0.463  2.3012 -0.8822  0.4000  0.0426  0.12900E-05   0.0217505   0.0959636  0.0426  0.4000   0.0105850   0.0752933
 26.667  6.667 66.667  0.463  2.6382 -0.8673  0.4016  0.0565  0.11472E-05   0.0235746   0.0977264  0.0565  0.4016   0.0114095   0.0766971
 23.333  3.333 73.333  0.463  2.2302 -1.2266  0.3976  0.0457  0.76529E-06   0.0230776   0.0993709  0.0457  0.3976   0.0111481   0.0780355
 16.667  6.667 76.667  0.463  2.5462 -1.1784  0.4012  0.0593  0.68466E-06   0.0256935   0.0987457  0.0593  0.4012   0.0122154   0.0768260
 13.333  3.333 83.333  0.463  2.1476 -1.6929  0.3957  0.0486  0.43603E-06   0.0254246   0.0995557  0.0486  0.3957   0.0119798   0.0769369
  6.667  6.667 86.667  0.463  2.4431 -1.5812  0.4012  0.0617  0.39144E-06   0.0292093   0.0969331  0.0617  0.4012   0.0134043   0.0733416
  3.333  3.333 93.333  0.463  2.0575 -2.3066  0.3944  0.0514  0.23795E-06   0.0293093   0.0969275  0.0514  0.3944   0.0132299   0.0721964
 43.333 53.333  3.333  1.123  5.7903 -0.2516  0.4632  0.1531  0.18072E-04   0.0234843   0.1501253  0.1531  0.4632   0.0138673   0.1340807
 36.667 56.667  6.667  1.123  6.4387 -0.3397  0.4905  0.1899  0.12036E-04   0.0304912   0.1528020  0.1899  0.4905   0.0177268   0.1377360
 33.333 53.333 13.333  1.123  7.2677 -0.3247  0.4983  0.2136  0.87933E-05   0.0406346   0.1278109  0.2136  0.4983   0.0217031   0.1120654
 26.667 56.667 16.667  1.123  7.1389 -0.4524  0.5208  0.2303  0.77820E-05   0.0416255   0.1437495  0.2303  0.5208   0.0232616   0.1292029
 23.333 53.333 23.333  1.123  7.3822 -0.4334  0.5230  0.2363  0.67840E-05   0.0470785   0.1311067  0.2363  0.5230   0.0252370   0.1160358
 16.667 56.667 26.667  1.123  6.9906 -0.6076  0.5449  0.2471  0.62441E-05   0.0458639   0.1517672  0.2471  0.5449   0.0260743   0.1375922
 13.333 53.333 33.333  1.123  7.0517 -0.5739  0.5447  0.2467  0.55559E-05   0.0499588   0.1399371  0.2467  0.5447   0.0274779   0.1251610
  6.667 56.667 36.667  1.123  6.5053 -0.8072  0.5667  0.2531  0.51436E-05   0.0480076   0.1638908  0.2531  0.5667   0.0280571   0.1500979
  3.333 53.333 43.333  1.123  6.5043 -0.7485  0.5647  0.2492  0.45042E-05   0.0520830   0.1492424  0.2492  0.5647   0.0293929   0.1344608
 53.333 43.333  3.333  1.123  5.6646 -0.1522  0.4305  0.1270  0.19503E-04   0.0233535   0.1093215  0.1270  0.4305   0.0124068   0.0908471
 46.667 46.667  6.667  1.123  6.6262 -0.1874  0.4542  0.1651  0.12927E-04   0.0319792   0.1118346  0.1651  0.4542   0.0165095   0.0940313
 43.333 43.333 13.333  1.123  7.2483 -0.1933  0.4629  0.1843  0.92645E-05   0.0418036   0.1015943  0.1843  0.4629   0.0200879   0.0824545
 36.667 46.667 16.667  1.123  7.5172 -0.2449  0.4820  0.2047  0.81934E-05   0.0452676   0.1080672  0.2047  0.4820   0.0222549   0.0901474
 33.333 43.333 23.333  1.123  7.5330 -0.2539  0.4851  0.2074  0.69916E-05   0.0493545   0.1040047  0.2074  0.4851   0.0236719   0.0854267
 26.667 46.667 26.667  1.123  7.5692 -0.3226  0.5038  0.2232  0.64543E-05   0.0509568   0.1118283  0.2232  0.5038   0.0253042   0.0945731
 23.333 43.333 33.333  1.123  7.3964 -0.3305  0.5042  0.2199  0.56116E-05   0.0533246   0.1084804  0.2199  0.5042   0.0260355   0.0903945
 16.667 46.667 36.667  1.123  7.2859 -0.4200  0.5232  0.2329  0.52275E-05   0.0541171   0.1174791  0.2329  0.5232   0.0274854   0.1007575
 13.333 43.333 43.333  1.123  7.0512 -0.4237  0.5217  0.2263  0.44667E-05   0.0565492   0.1127187  0.2263  0.5217   0.0281200   0.0950890
  6.667 46.667 46.667  1.123  6.8258 -0.5376  0.5412  0.2365  0.41501E-05   0.0570638   0.1224745  0.2365  0.5412   0.0295556   0.1058577
  3.333 43.333 53.333  1.123  6.5854 -0.5332  0.5382  0.2279  0.34373E-05   0.0605607   0.1152541  0.2279  0.5382   0.0304244   0.0975513
 63.333 33.333  3.333  1.123  4.8965 -0.1161  0.4076  0.0940  0.21304E-04   0.0215917   0.0863870  0.0940  0.4076   0.0105554   0.0659588
 56.667 36.667  6.667  1.123  5.9940 -0.1324  0.4267  0.1316  0.13865E-04   0.0302830   0.0916194  0.1316  0.4267   0.0144597   0.0711201
 53.333 33.333 13.333  1.123  6.3656 -0.1462  0.4365  0.1464  0.97555E-05   0.0377759   0.0890572  0.1464  0.4365   0.0172840   0.0675535
 46.667 36.667 16.667  1.123  6.9168 -0.1712  0.4514  0.1690  0.85177E-05   0.0424269   0.0936310  0.1690  0.4514   0.0195820   0.0728542
 43.333 33.333 23.333  1.123  6.7274 -0.1905  0.4553  0.1685  0.71198E-05   0.0442169   0.0932657  0.1685  0.4553   0.0203062   0.0722136
 36.667 36.667 26.667  1.123  7.0986 -0.2231  0.4701  0.1874  0.65214E-05   0.0480242   0.0973590  0.1874  0.4701   0.0223402   0.0771704
 33.333 33.333 33.333  1.123  6.7291 -0.2462  0.4712  0.1812  0.55436E-05   0.0480962   0.0971938  0.1812  0.4712   0.0223882   0.0767358
 26.667 36.667 36.667  1.123  6.9853 -0.2875  0.4866  0.1981  0.51475E-05   0.0517800   0.1010611  0.1981  0.4866   0.0244400   0.0813446
 23.333 33.333 43.333  1.123  6.5529 -0.3135  0.4857  0.1888  0.42936E-05   0.0517673   0.1000050  0.1888  0.4857   0.0243400   0.0797699
 16.667 36.667 46.667  1.123  6.7163 -0.3643  0.5018  0.2041  0.39930E-05   0.0556642   0.1034814  0.2041  0.5018   0.0265293   0.0840688
 13.333 33.333 53.333  1.123  6.2739 -0.3922  0.4992  0.1929  0.32244E-05   0.0564360   0.1010004  0.1929  0.4992   0.0265503   0.0806251
  6.667 36.667 56.667  1.123  6.3538 -0.4531  0.5161  0.2064  0.29850E-05   0.0608486   0.1040371  0.2064  0.5161   0.0289832   0.0843074
  3.333 33.333 63.333  1.123  5.9299 -0.4812  0.5121  0.1938  0.23191E-05   0.0631949   0.0997749  0.1938  0.5121   0.0293639   0.0786697
 73.333 23.333  3.333  1.123  3.7828 -0.1080  0.3970  0.0583  0.24231E-04   0.0188357   0.0706865  0.0583  0.3970   0.0085991   0.0493612
 66.667 26.667  6.667  1.123  4.8248 -0.1153  0.4102  0.0924  0.15268E-04   0.0266661   0.0777551  0.0924  0.4102   0.0120992   0.0557876
 63.333 23.333 13.333  1.123  4.9912 -0.1352  0.4214  0.1030  0.10544E-04   0.0320022   0.0790553  0.1030  0.4214   0.0143000   0.0565925
 56.667 26.667 16.667  1.123  5.6513 -0.1484  0.4309  0.1262  0.89683E-05   0.0361074   0.0844595  0.1262  0.4309   0.0162918   0.0622619
 53.333 23.333 23.333  1.123  5.3491 -0.1757  0.4358  0.1229  0.73425E-05   0.0365061   0.0856854  0.1229  0.4358   0.0166087   0.0636898
 46.667 26.667 26.667  1.123  5.8861 -0.1928  0.4457  0.1434  0.65905E-05   0.0402175   0.0899795  0.1434  0.4457   0.0184264   0.0683050
 43.333 23.333 33.333  1.123  5.4247 -0.2272  0.4476  0.1348  0.54776E-05   0.0392155   0.0909411  0.1348  0.4476   0.0181566   0.0693977
 36.667 26.667 36.667  1.123  5.8819 -0.2482  0.4584  0.1538  0.50120E-05   0.0431901   0.0941872  0.1538  0.4584   0.0200656   0.0730267
 33.333 23.333 43.333  1.123  5.3589 -0.2903  0.4582  0.1423  0.40811E-05   0.0420148   0.0943969  0.1423  0.4582   0.0196296   0.0731513
 26.667 26.667 46.667  1.123  5.7512 -0.3148  0.4701  0.1603  0.37596E-05   0.0466246   0.0966303  0.1603  0.4701   0.0217734   0.0755911
 23.333 23.333 53.333  1.123  5.2115 -0.3651  0.4681  0.1469  0.29598E-05   0.0458648   0.0956372  0.1469  0.4681   0.0213612   0.0742000
 16.667 26.667 56.667  1.123  5.5453 -0.3923  0.4811  0.1641  0.27276E-05   0.0514325   0.0968911  0.1641  0.4811   0.0238489   0.0754882
 13.333 23.333 63.333  1.123  5.0134 -0.4511  0.4776  0.1494  0.20637E-05   0.0515943   0.0946263  0.1494  0.4776   0.0236180   0.0724198
  6.667 26.667 66.667  1.123  5.2914 -0.4798  0.4917  0.1654  0.18947E-05   0.0585788   0.0949696  0.1654  0.4917   0.0265901   0.0725669
  3.333 23.333 73.333  1.123  4.7819 -0.5469  0.4868  0.1499  0.13737E-05   0.0602475   0.0916356  0.1499  0.4868   0.0267026   0.0680035
 83.333 13.333  3.333  1.123  2.6654 -0.1221  0.4016  0.0276  0.29368E-04   0.0154929   0.0598286  0.0276  0.4016   0.0067263   0.0387236
 76.667 16.667  6.667  1.123  3.5097 -0.1212  0.4076  0.0533  0.17714E-04   0.0224529   0.0666239  0.0533  0.4076   0.0098012   0.0445038
 73.333 13.333 13.333  1.123  3.5567 -0.1498  0.4202  0.0599  0.11980E-04   0.0264219   0.0697992  0.0599  0.4202   0.0116172   0.0476141
 66.667 16.667 16.667  1.123  4.1634 -0.1544  0.4229  0.0807  0.98100E-05   0.0298123   0.0753759  0.0807  0.4229   0.0132810   0.0530274
 63.333 13.333 23.333  1.123  3.8516 -0.1930  0.4292  0.0758  0.78556E-05   0.0297426   0.0776054  0.0758  0.4292   0.0134853   0.0557066
 56.667 16.667 26.667  1.123  4.3876 -0.2002  0.4327  0.0953  0.68268E-05   0.0325345   0.0825344  0.0953  0.4327   0.0148910   0.0606622
 53.333 13.333 33.333  1.123  3.9448 -0.2497  0.4357  0.0856  0.55423E-05   0.0314146   0.0841628  0.0856  0.4357   0.0145999   0.0626760
 46.667 16.667 36.667  1.123  4.4339 -0.2587  0.4408  0.1045  0.49380E-05   0.0344155   0.0882137  0.1045  0.4408   0.0160598   0.0667143
 43.333 13.333 43.333  1.123  3.9344 -0.3214  0.4414  0.0921  0.39226E-05   0.0331472   0.0890181  0.0921  0.4414   0.0156074   0.0677384
 36.667 16.667 46.667  1.123  4.3842 -0.3310  0.4480  0.1105  0.35386E-05   0.0366717   0.0919294  0.1105  0.4480   0.0172373   0.0705264
 33.333 13.333 53.333  1.123  3.8632 -0.4098  0.4467  0.0964  0.27145E-05   0.0356486   0.0917274  0.0964  0.4467   0.0167737   0.0702650
 26.667 16.667 56.667  1.123  4.2769 -0.4180  0.4548  0.1144  0.24632E-05   0.0400225   0.0932647  0.1144  0.4548   0.0186862   0.0715973
 23.333 13.333 63.333  1.123  3.7541 -0.5159  0.4519  0.0992  0.18141E-05   0.0395249   0.0920204  0.0992  0.4519   0.0183062   0.0698965
 16.667 16.667 66.667  1.123  4.1335 -0.5195  0.4615  0.1166  0.16488E-05   0.0452005   0.0922682  0.1166  0.4615   0.0206427   0.0696823
 13.333 13.333 73.333  1.123  3.6209 -0.6394  0.4571  0.1007  0.11625E-05   0.0455257   0.0901045  0.1007  0.4571   0.0204296   0.0666397
  6.667 16.667 76.667  1.123  3.9666 -0.6344  0.4682  0.1174  0.10549E-05   0.0531818   0.0892962  0.1174  0.4682   0.0233917   0.0650438
  3.333 13.333 83.333  1.123  3.4721 -0.7787  0.4625  0.1011  0.71122E-06   0.0548668   0.0866668  0.1011  0.4625   0.0234992   0.0610222
 93.333  3.333  3.333  1.123  1.7794 -0.1797  0.4287  0.0097  0.38230E-04   0.0121470   0.0555291  0.0097  0.4287   0.0053702   0.0361903
 86.667  6.667  6.667  1.123  2.3774 -0.1581  0.4228  0.0235  0.21996E-04   0.0179111   0.0597315  0.0235  0.4228   0.0077745   0.0388527
 83.333  3.333 13.333  1.123  2.3773 -0.2058  0.4400  0.0273  0.14501E-04   0.0215468   0.0646316  0.0273  0.4400   0.0096317   0.0440762
 76.667  6.667 16.667  1.123  2.8350 -0.1935  0.4315  0.0410  0.11360E-04   0.0243145   0.0680934  0.0410  0.4315   0.0108359   0.0467810
 73.333  3.333 23.333  1.123  2.5792 -0.2538  0.4421  0.0369  0.88676E-05   0.0248567   0.0713640  0.0369  0.4421   0.0113670   0.0506734
 66.667  6.667 26.667  1.123  3.0039 -0.2455  0.4351  0.0511  0.74004E-05   0.0266751   0.0751921  0.0511  0.4351   0.0122322   0.0540482
 63.333  3.333 33.333  1.123  2.6478 -0.3212  0.4422  0.0431  0.58547E-05   0.0264704   0.0775200  0.0431  0.4422   0.0123554   0.0569066
 56.667  6.667 36.667  1.123  3.0524 -0.3154  0.4372  0.0576  0.50311E-05   0.0280102   0.0814845  0.0576  0.4372   0.0131263   0.0605553
 53.333  3.333 43.333  1.123  2.6484 -0.4121  0.4418  0.0473  0.38924E-05   0.0277698   0.0829191  0.0473  0.4418   0.0131324   0.0622850
 46.667  6.667 46.667  1.123  3.0351 -0.4063  0.4388  0.0622  0.34030E-05   0.0294342   0.0864170  0.0622  0.4388   0.0139387   0.0654821
 43.333  3.333 53.333  1.123  2.6090 -0.5313  0.4413  0.0504  0.25406E-05   0.0294239   0.0869381  0.0504  0.4413   0.0139392   0.0660685
 36.667  6.667 56.667  1.123  2.9779 -0.5220  0.4405  0.0654  0.22457E-05   0.0315703   0.0894127  0.0654  0.4405   0.0149055   0.0681584
 33.333  3.333 63.333  1.123  2.5448 -0.6844  0.4412  0.0526  0.16083E-05   0.0319706   0.0890145  0.0526  0.4412   0.0149729   0.0674644
 26.667  6.667 66.667  1.123  2.8957 -0.6654  0.4423  0.0676  0.14316E-05   0.0348889   0.0901547  0.0676  0.4423   0.0161793   0.0680902
 23.333  3.333 73.333  1.123  2.4648 -0.8759  0.4414  0.0543  0.98080E-06   0.0359025   0.0889721  0.0543  0.4414   0.0163761   0.0661824
 16.667  6.667 76.667  1.123  2.7974 -0.8385  0.4445  0.0691  0.87634E-06   0.0400989   0.0887514  0.0691  0.4445   0.0179804   0.0651964
 13.333  3.333 83.333  1.123  2.3751 -1.1086  0.4422  0.0555  0.57369E-06   0.0420747   0.0870581  0.0555  0.4422   0.0184039   0.0622588
  6.667  6.667 86.667  1.123  2.6893 -1.0407  0.4470  0.0699  0.51317E-06   0.0482127   0.0858317  0.0699  0.4470   0.0205899   0.0598727
  3.333  3.333 93.333  1.123  2.2797 -1.3816  0.4436  0.0563  0.32091E-06   0.0517878   0.0841077  0.0563  0.4436   0.0214364   0.0562576
 33.333 33.333 33.333 35.000  3.4130 -1.7600  0.8000  0.2162  0.78600E-06   0.2157927   0.1091980  0.2162  0.8000   0.1044097   0.0876193
